version https://git-lfs.github.com/spec/v1
oid sha256:0472011ec1f69d0b78638bf84f02c3a257190b8764765debe46f59e7009f66eb
size 211025
